0 5 0
0.00749625 4.99999 0
0.014985 4.99997 0
0.0224663 4.99993 0
0.02994 4.99988 0
0.0374063 4.99981 0
0.044865 4.99973 0
0.0523162 4.99963 0
0.05976 4.99952 0
0.0671962 4.99939 0
0.074625 4.99925 0
0.0820462 4.9991 0
0.08946 4.99892 0
0.0968662 4.99874 0
0.104265 4.99854 0
0.111656 4.99832 0
0.11904 4.99809 0
0.126416 4.99785 0
0.133785 4.99758 0
0.141146 4.99731 0
0.1485 4.99702 0
0.155846 4.99672 0
0.163185 4.9964 0
0.170516 4.99606 0
0.17784 4.99571 0
0.185156 4.99535 0
0.192465 4.99497 0
0.199766 4.99458 0
0.20706 4.99417 0
0.214346 4.99375 0
0.221625 4.99332 0
0.228896 4.99287 0
0.23616 4.9924 0
0.243416 4.99192 0
0.250665 4.99143 0
0.257906 4.99092 0
0.26514 4.9904 0
0.272366 4.98986 0
0.279585 4.98931 0
0.286796 4.98874 0
0.294 4.98816 0
0.301196 4.98756 0
0.308385 4.98696 0
0.315566 4.98633 0
0.32274 4.98569 0
0.329906 4.98504 0
0.337065 4.98437 0
0.344216 4.98369 0
0.35136 4.983 0
0.358496 4.98229 0
0.365625 4.98156 0
0.372746 4.98082 0
0.37986 4.98007 0
0.386966 4.9793 0
0.394065 4.97852 0
0.401156 4.97773 0
0.40824 4.97692 0
0.415316 4.9761 0
0.422385 4.97526 0
0.429446 4.97441 0
0.4365 4.97354 0
0.443546 4.97266 0
0.450585 4.97177 0
0.457616 4.97086 0
0.46464 4.96994 0
0.471656 4.969 0
0.478665 4.96805 0
0.485666 4.96708 0
0.49266 4.96611 0
0.499646 4.96511 0
0.506625 4.96411 0
0.513596 4.96309 0
0.52056 4.96205 0
0.527516 4.96101 0
0.534465 4.95994 0
0.541406 4.95887 0
0.54834 4.95778 0
0.555266 4.95667 0
0.562185 4.95556 0
0.569096 4.95442 0
0.576 4.95328 0
0.582896 4.95212 0
0.589785 4.95095 0
0.596666 4.94976 0
0.60354 4.94856 0
0.610406 4.94735 0
0.617265 4.94612 0
0.624116 4.94488 0
0.63096 4.94362 0
0.637796 4.94236 0
0.644625 4.94107 0
0.651446 4.93978 0
0.65826 4.93847 0
0.665066 4.93714 0
0.671865 4.93581 0
0.678656 4.93446 0
0.68544 4.93309 0
0.692216 4.93171 0
0.698985 4.93032 0
0.705746 4.92892 0
0.7125 4.9275 0
0.719246 4.92607 0
0.725985 4.92462 0
0.732716 4.92316 0
0.73944 4.92169 0
0.746156 4.92021 0
0.752865 4.91871 0
0.759566 4.9172 0
0.76626 4.91567 0
0.772946 4.91413 0
0.779625 4.91258 0
0.786296 4.91101 0
0.79296 4.90943 0
0.799616 4.90784 0
0.806264 4.90623 0
0.812906 4.90462 0
0.819539 4.90298 0
0.826166 4.90134 0
0.832784 4.89968 0
0.839396 4.89801 0
0.845999 4.89632 0
0.852596 4.89462 0
0.859184 4.89291 0
0.865766 4.89119 0
0.872339 4.88945 0
0.878906 4.8877 0
0.885464 4.88593 0
0.892016 4.88415 0
0.898559 4.88236 0
0.905096 4.88056 0
0.911624 4.87874 0
0.918146 4.87691 0
0.924659 4.87507 0
0.931166 4.87321 0
0.937664 4.87135 0
0.944156 4.86946 0
0.950639 4.86757 0
0.957116 4.86566 0
0.963584 4.86374 0
0.970046 4.86181 0
0.976499 4.85986 0
0.982946 4.8579 0
0.989384 4.85593 0
0.995816 4.85394 0
1.00224 4.85194 0
1.00866 4.84993 0
1.01506 4.84791 0
1.02147 4.84587 0
1.02786 4.84382 0
1.03425 4.84176 0
1.04062 4.83969 0
1.047 4.8376 0
1.05336 4.8355 0
1.05972 4.83339 0
1.06606 4.83126 0
1.07241 4.82912 0
1.07874 4.82697 0
1.08507 4.82481 0
1.09138 4.82263 0
1.0977 4.82044 0
1.104 4.81824 0
1.1103 4.81603 0
1.11658 4.8138 0
1.12287 4.81156 0
1.12914 4.80931 0
1.13541 4.80704 0
1.14166 4.80477 0
1.14792 4.80248 0
1.15416 4.80017 0
1.1604 4.79786 0
1.16662 4.79553 0
1.17285 4.79319 0
1.17906 4.79084 0
1.18527 4.78848 0
1.19146 4.7861 0
1.19766 4.78371 0
1.20384 4.78131 0
1.21002 4.7789 0
1.21618 4.77647 0
1.22235 4.77403 0
1.2285 4.77158 0
1.23465 4.76912 0
1.24078 4.76664 0
1.24692 4.76415 0
1.25304 4.76165 0
1.25916 4.75914 0
1.26526 4.75662 0
1.27137 4.75408 0
1.27746 4.75153 0
1.28355 4.74897 0
1.28962 4.7464 0
1.2957 4.74381 0
1.30176 4.74122 0
1.30782 4.73861 0
1.31386 4.73598 0
1.31991 4.73335 0
1.32594 4.7307 0
1.33197 4.72805 0
1.33798 4.72538 0
1.344 4.72269 0
1.35 4.72 0
1.356 4.71729 0
1.36198 4.71458 0
1.36797 4.71185 0
1.37394 4.7091 0
1.37991 4.70635 0
1.38586 4.70358 0
1.39182 4.70081 0
1.39776 4.69802 0
1.4037 4.69522 0
1.40962 4.6924 0
1.41555 4.68958 0
1.42146 4.68674 0
1.42737 4.68389 0
1.43326 4.68103 0
1.43916 4.67816 0
1.44504 4.67527 0
1.45092 4.67238 0
1.45678 4.66947 0
1.46265 4.66655 0
1.4685 4.66362 0
1.47435 4.66068 0
1.48018 4.65772 0
1.48602 4.65476 0
1.49184 4.65178 0
1.49766 4.64879 0
1.50346 4.64579 0
1.50927 4.64278 0
1.51506 4.63975 0
1.52085 4.63672 0
1.52662 4.63367 0
1.5324 4.63061 0
1.53816 4.62754 0
1.54392 4.62446 0
1.54966 4.62136 0
1.55541 4.61826 0
1.56114 4.61514 0
1.56687 4.61201 0
1.57258 4.60887 0
1.5783 4.60572 0
1.584 4.60256 0
1.5897 4.59939 0
1.59538 4.5962 0
1.60107 4.59301 0
1.60674 4.5898 0
1.61241 4.58658 0
1.61806 4.58335 0
1.62372 4.58011 0
1.62936 4.57685 0
1.635 4.57359 0
1.64062 4.57031 0
1.64625 4.56703 0
1.65186 4.56373 0
1.65747 4.56042 0
1.66306 4.5571 0
1.66866 4.55377 0
1.67424 4.55042 0
1.67982 4.54707 0
1.68538 4.5437 0
1.69095 4.54033 0
1.6965 4.53694 0
1.70205 4.53354 0
1.70758 4.53013 0
1.71312 4.52671 0
1.71864 4.52328 0
1.72416 4.51984 0
1.72966 4.51638 0
1.73517 4.51292 0
1.74066 4.50944 0
1.74615 4.50596 0
1.75162 4.50246 0
1.7571 4.49895 0
1.76256 4.49543 0
1.76802 4.4919 0
1.77346 4.48836 0
1.7789 4.4848 0
1.78434 4.48124 0
1.78977 4.47767 0
1.79518 4.47408 0
1.80059 4.47049 0
1.806 4.46688 0
1.8114 4.46326 0
1.81678 4.45963 0
1.82217 4.456 0
1.82754 4.45235 0
1.83291 4.44869 0
1.83826 4.44501 0
1.84362 4.44133 0
1.84896 4.43764 0
1.8543 4.43394 0
1.85962 4.43022 0
1.86494 4.4265 0
1.87026 4.42276 0
1.87557 4.41902 0
1.88086 4.41526 0
1.88616 4.41149 0
1.89144 4.40772 0
1.89672 4.40393 0
1.90198 4.40013 0
1.90724 4.39632 0
1.9125 4.3925 0
1.91774 4.38867 0
1.92298 4.38483 0
1.92821 4.38098 0
1.93344 4.37712 0
1.93865 4.37324 0
1.94386 4.36936 0
1.94907 4.36547 0
1.95426 4.36157 0
1.95944 4.35765 0
1.96462 4.35373 0
1.96979 4.34979 0
1.97496 4.34585 0
1.98011 4.34189 0
1.98526 4.33793 0
1.9904 4.33395 0
1.99554 4.32997 0
2.00067 4.32597 0
2.00578 4.32197 0
2.01089 4.31795 0
2.016 4.31392 0
2.0211 4.30988 0
2.02618 4.30584 0
2.03127 4.30178 0
2.03634 4.29771 0
2.0414 4.29363 0
2.04646 4.28955 0
2.05152 4.28545 0
2.05656 4.28134 0
2.06159 4.27722 0
2.06662 4.27309 0
2.07164 4.26896 0
2.07666 4.26481 0
2.08167 4.26065 0
2.08666 4.25648 0
2.09165 4.2523 0
2.09664 4.24811 0
2.10161 4.24392 0
2.10658 4.23971 0
2.11154 4.23549 0
2.1165 4.23126 0
2.12144 4.22702 0
2.12638 4.22277 0
2.13131 4.21852 0
2.13624 4.21425 0
2.14115 4.20997 0
2.14606 4.20569 0
2.15096 4.20139 0
2.15586 4.19708 0
2.16074 4.19276 0
2.16562 4.18844 0
2.1705 4.1841 0
2.17536 4.17976 0
2.18021 4.1754 0
2.18506 4.17104 0
2.1899 4.16666 0
2.19474 4.16228 0
2.19956 4.15788 0
2.20438 4.15348 0
2.20919 4.14906 0
2.214 4.14464 0
2.21879 4.14021 0
2.22358 4.13577 0
2.22836 4.13131 0
2.23314 4.12685 0
2.2379 4.12238 0
2.24266 4.1179 0
2.24742 4.11341 0
2.25216 4.10891 0
2.25689 4.1044 0
2.26162 4.09988 0
2.26634 4.09536 0
2.27106 4.09082 0
2.27576 4.08627 0
2.28046 4.08172 0
2.28515 4.07715 0
2.28984 4.07258 0
2.29451 4.06799 0
2.29918 4.0634 0
2.30384 4.05879 0
2.3085 4.05418 0
2.31314 4.04956 0
2.31778 4.04493 0
2.32241 4.04029 0
2.32704 4.03564 0
2.33165 4.03098 0
2.33626 4.02631 0
2.34086 4.02164 0
2.34546 4.01695 0
2.35004 4.01225 0
2.35462 4.00755 0
2.35919 4.00284 0
2.36376 3.99811 0
2.36831 3.99338 0
2.37286 3.98864 0
2.3774 3.98389 0
2.38194 3.97913 0
2.38646 3.97436 0
2.39098 3.96958 0
2.39549 3.9648 0
2.4 3.96 0
2.4045 3.9552 0
2.40898 3.95038 0
2.41347 3.94556 0
2.41794 3.94073 0
2.42241 3.93589 0
2.42686 3.93104 0
2.43132 3.92618 0
2.43576 3.92131 0
2.4402 3.91644 0
2.44462 3.91155 0
2.44905 3.90666 0
2.45346 3.90176 0
2.45787 3.89685 0
2.46226 3.89192 0
2.46666 3.887 0
2.47104 3.88206 0
2.47542 3.87711 0
2.47979 3.87216 0
2.48415 3.86719 0
2.4885 3.86222 0
2.49285 3.85724 0
2.49719 3.85225 0
2.50152 3.84725 0
2.50584 3.84224 0
2.51016 3.83723 0
2.51447 3.8322 0
2.51877 3.82717 0
2.52306 3.82213 0
2.52735 3.81707 0
2.53163 3.81202 0
2.5359 3.80695 0
2.54016 3.80187 0
2.54442 3.79679 0
2.54867 3.79169 0
2.55291 3.78659 0
2.55714 3.78148 0
2.56137 3.77636 0
2.56559 3.77124 0
2.5698 3.7661 0
2.574 3.76096 0
2.5782 3.75581 0
2.58239 3.75064 0
2.58657 3.74547 0
2.59074 3.7403 0
2.59491 3.73511 0
2.59907 3.72992 0
2.60322 3.72471 0
2.60736 3.7195 0
2.6115 3.71429 0
2.61563 3.70906 0
2.61975 3.70382 0
2.62386 3.69858 0
2.62797 3.69333 0
2.63207 3.68807 0
2.63616 3.6828 0
2.64024 3.67752 0
2.64432 3.67224 0
2.64839 3.66694 0
2.65245 3.66164 0
2.6565 3.65634 0
2.66055 3.65102 0
2.66459 3.64569 0
2.66862 3.64036 0
2.67264 3.63502 0
2.67666 3.62967 0
2.68067 3.62431 0
2.68467 3.61894 0
2.68866 3.61357 0
2.69265 3.60819 0
2.69663 3.6028 0
2.7006 3.5974 0
2.70457 3.592 0
2.70852 3.58658 0
2.71247 3.58116 0
2.71641 3.57574 0
2.72035 3.5703 0
2.72427 3.56485 0
2.72819 3.5594 0
2.7321 3.55394 0
2.73601 3.54847 0
2.7399 3.543 0
2.74379 3.53751 0
2.74767 3.53202 0
2.75155 3.52652 0
2.75541 3.52101 0
2.75927 3.5155 0
2.76312 3.50998 0
2.76697 3.50445 0
2.7708 3.49891 0
2.77463 3.49336 0
2.77845 3.48781 0
2.78227 3.48225 0
2.78607 3.47668 0
2.78987 3.4711 0
2.79366 3.46552 0
2.79745 3.45993 0
2.80122 3.45433 0
2.80499 3.44872 0
2.80875 3.44311 0
2.81251 3.43749 0
2.81625 3.43186 0
2.81999 3.42622 0
2.82372 3.42058 0
2.82745 3.41493 0
2.83116 3.40927 0
2.83487 3.4036 0
2.83857 3.39793 0
2.84227 3.39225 0
2.84595 3.38656 0
2.84963 3.38087 0
2.8533 3.37516 0
2.85697 3.36945 0
2.86062 3.36373 0
2.86427 3.35801 0
2.86791 3.35228 0
2.87155 3.34654 0
2.87517 3.34079 0
2.87879 3.33504 0
2.8824 3.32927 0
2.88601 3.32351 0
2.88961 3.31773 0
2.89319 3.31195 0
2.89678 3.30616 0
2.90035 3.30036 0
2.90392 3.29456 0
2.90747 3.28874 0
2.91103 3.28293 0
2.91457 3.2771 0
2.91811 3.27127 0
2.92163 3.26543 0
2.92516 3.25958 0
2.92867 3.25373 0
2.93218 3.24787 0
2.93567 3.242 0
2.93917 3.23612 0
2.94265 3.23024 0
2.94613 3.22435 0
2.94959 3.21846 0
2.95306 3.21255 0
2.95651 3.20664 0
2.95996 3.20073 0
2.9634 3.1948 0
2.96683 3.18887 0
2.97025 3.18293 0
2.97367 3.17699 0
2.97708 3.17104 0
2.98048 3.16508 0
2.98387 3.15912 0
2.98726 3.15315 0
2.99064 3.14717 0
2.99401 3.14118 0
2.99737 3.13519 0
3.00073 3.12919 0
3.00408 3.12319 0
3.00742 3.11718 0
3.01075 3.11116 0
3.01408 3.10513 0
3.0174 3.0991 0
3.02071 3.09306 0
3.02401 3.08702 0
3.02731 3.08097 0
3.0306 3.07491 0
3.03388 3.06885 0
3.03715 3.06277 0
3.04042 3.0567 0
3.04368 3.05061 0
3.04693 3.04452 0
3.05017 3.03842 0
3.05341 3.03232 0
3.05664 3.02621 0
3.05986 3.02009 0
3.06307 3.01397 0
3.06628 3.00784 0
3.06948 3.00171 0
3.07267 2.99556 0
3.07585 2.98941 0
3.07903 2.98326 0
3.0822 2.9771 0
3.08536 2.97093 0
3.08851 2.96476 0
3.09166 2.95858 0
3.0948 2.95239 0
3.09793 2.9462 0
3.10105 2.94 0
3.10417 2.93379 0
3.10728 2.92758 0
3.11038 2.92136 0
3.11347 2.91514 0
3.11656 2.90891 0
3.11964 2.90267 0
3.12271 2.89643 0
3.12577 2.89018 0
3.12883 2.88393 0
3.13188 2.87767 0
3.13492 2.8714 0
3.13795 2.86513 0
3.14098 2.85885 0
3.144 2.85256 0
3.14701 2.84627 0
3.15001 2.83997 0
3.15301 2.83367 0
3.156 2.82736 0
3.15898 2.82105 0
3.16195 2.81472 0
3.16492 2.8084 0
3.16788 2.80206 0
3.17083 2.79573 0
3.17377 2.78938 0
3.17671 2.78303 0
3.17964 2.77667 0
3.18256 2.77031 0
3.18547 2.76394 0
3.18838 2.75757 0
3.19128 2.75119 0
3.19417 2.7448 0
3.19705 2.73841 0
3.19993 2.73202 0
3.2028 2.72561 0
3.20566 2.7192 0
3.20851 2.71279 0
3.21136 2.70637 0
3.2142 2.69994 0
3.21703 2.69351 0
3.21985 2.68708 0
3.22267 2.68063 0
3.22548 2.67418 0
3.22828 2.66773 0
3.23107 2.66127 0
3.23386 2.65481 0
3.23664 2.64834 0
3.23941 2.64186 0
3.24217 2.63538 0
3.24493 2.62889 0
3.24768 2.6224 0
3.25042 2.6159 0
3.25315 2.6094 0
3.25588 2.60289 0
3.2586 2.59637 0
3.26131 2.58985 0
3.26401 2.58333 0
3.26671 2.5768 0
3.2694 2.57026 0
3.27208 2.56372 0
3.27475 2.55717 0
3.27742 2.55062 0
3.28008 2.54406 0
3.28273 2.5375 0
3.28537 2.53093 0
3.28801 2.52436 0
3.29064 2.51778 0
3.29326 2.51119 0
3.29587 2.5046 0
3.29848 2.49801 0
3.30108 2.49141 0
3.30367 2.4848 0
3.30625 2.4782 0
3.30883 2.47158 0
3.3114 2.46496 0
3.31396 2.45833 0
3.31651 2.4517 0
3.31906 2.44507 0
3.3216 2.43843 0
3.32413 2.43178 0
3.32665 2.42513 0
3.32917 2.41847 0
3.33168 2.41181 0
3.33418 2.40515 0
3.33667 2.39848 0
3.33916 2.3918 0
3.34164 2.38512 0
3.34411 2.37843 0
3.34657 2.37174 0
3.34903 2.36505 0
3.35148 2.35835 0
3.35392 2.35164 0
3.35635 2.34493 0
3.35878 2.33821 0
3.3612 2.33149 0
3.36361 2.32477 0
3.36601 2.31804 0
3.36841 2.3113 0
3.3708 2.30457 0
3.37318 2.29782 0
3.37555 2.29107 0
3.37792 2.28432 0
3.38028 2.27756 0
3.38263 2.2708 0
3.38497 2.26403 0
3.38731 2.25726 0
3.38964 2.25048 0
3.39196 2.2437 0
3.39427 2.23691 0
3.39658 2.23012 0
3.39888 2.22332 0
3.40117 2.21652 0
3.40345 2.20972 0
3.40573 2.20291 0
3.408 2.1961 0
3.41026 2.18928 0
3.41251 2.18246 0
3.41476 2.17563 0
3.417 2.1688 0
3.41923 2.16196 0
3.42145 2.15512 0
3.42367 2.14827 0
3.42588 2.14142 0
3.42808 2.13457 0
3.43027 2.12771 0
3.43246 2.12085 0
3.43464 2.11398 0
3.43681 2.10711 0
3.43897 2.10023 0
3.44113 2.09335 0
3.44328 2.08647 0
3.44542 2.07958 0
3.44755 2.07269 0
3.44968 2.06579 0
3.4518 2.05889 0
3.45391 2.05198 0
3.45602 2.04507 0
3.45811 2.03816 0
3.4602 2.03124 0
3.46228 2.02432 0
3.46435 2.01739 0
3.46642 2.01046 0
3.46848 2.00352 0
3.47053 1.99658 0
3.47257 1.98964 0
3.47461 1.98269 0
3.47664 1.97574 0
3.47866 1.96879 0
3.48067 1.96183 0
3.48268 1.95486 0
3.48468 1.9479 0
3.48667 1.94093 0
3.48865 1.93395 0
3.49063 1.92697 0
3.4926 1.91999 0
3.49456 1.913 0
3.49651 1.90601 0
3.49846 1.89901 0
3.5004 1.89201 0
3.50233 1.88501 0
3.50425 1.878 0
3.50617 1.87099 0
3.50808 1.86398 0
3.50998 1.85696 0
3.51187 1.84994 0
3.51376 1.84291 0
3.51564 1.83588 0
3.51751 1.82885 0
3.51937 1.82181 0
3.52123 1.81477 0
3.52308 1.80773 0
3.52492 1.80068 0
3.52675 1.79363 0
3.52858 1.78657 0
3.5304 1.77951 0
3.53221 1.77245 0
3.53401 1.76538 0
3.53581 1.75831 0
3.5376 1.75124 0
3.53938 1.74416 0
3.54115 1.73708 0
3.54292 1.73 0
3.54468 1.72291 0
3.54643 1.71582 0
3.54817 1.70872 0
3.54991 1.70163 0
3.55164 1.69452 0
3.55336 1.68742 0
3.55507 1.68031 0
3.55678 1.6732 0
3.55848 1.66608 0
3.56017 1.65896 0
3.56185 1.65184 0
3.56353 1.64472 0
3.5652 1.63759 0
3.56686 1.63046 0
3.56851 1.62332 0
3.57016 1.61618 0
3.5718 1.60904 0
3.57343 1.60189 0
3.57505 1.59474 0
3.57667 1.58759 0
3.57828 1.58044 0
3.57988 1.57328 0
3.58147 1.56612 0
3.58306 1.55895 0
3.58464 1.55179 0
3.58621 1.54462 0
3.58777 1.53744 0
3.58933 1.53026 0
3.59088 1.52308 0
3.59242 1.5159 0
3.59395 1.50871 0
3.59548 1.50152 0
3.597 1.49433 0
3.59851 1.48713 0
3.60001 1.47994 0
3.60151 1.47273 0
3.603 1.46553 0
3.60448 1.45832 0
3.60595 1.45111 0
3.60742 1.4439 0
3.60888 1.43668 0
3.61033 1.42946 0
3.61177 1.42224 0
3.61321 1.41502 0
3.61464 1.40779 0
3.61606 1.40056 0
3.61747 1.39332 0
3.61888 1.38609 0
3.62028 1.37885 0
3.62167 1.3716 0
3.62305 1.36436 0
3.62443 1.35711 0
3.6258 1.34986 0
3.62716 1.34261 0
3.62851 1.33535 0
3.62986 1.32809 0
3.6312 1.32083 0
3.63253 1.31357 0
3.63385 1.3063 0
3.63517 1.29903 0
3.63648 1.29176 0
3.63778 1.28449 0
3.63907 1.27721 0
3.64036 1.26993 0
3.64164 1.26265 0
3.64291 1.25536 0
3.64417 1.24808 0
3.64543 1.24079 0
3.64668 1.23349 0
3.64792 1.2262 0
3.64915 1.2189 0
3.65038 1.2116 0
3.6516 1.2043 0
3.65281 1.197 0
3.65401 1.18969 0
3.65521 1.18238 0
3.6564 1.17507 0
3.65758 1.16775 0
3.65875 1.16044 0
3.65992 1.15312 0
3.66108 1.1458 0
3.66223 1.13847 0
3.66337 1.13115 0
3.66451 1.12382 0
3.66564 1.11649 0
3.66676 1.10916 0
3.66787 1.10182 0
3.66898 1.09449 0
3.67008 1.08715 0
3.67117 1.0798 0
3.67225 1.07246 0
3.67333 1.06512 0
3.6744 1.05777 0
3.67546 1.05042 0
3.67651 1.04307 0
3.67756 1.03571 0
3.6786 1.02835 0
3.67963 1.021 0
3.68065 1.01364 0
3.68167 1.00627 0
3.68268 0.998909 0
3.68368 0.991542 0
3.68467 0.984174 0
3.68566 0.976804 0
3.68664 0.969431 0
3.68761 0.962056 0
3.68857 0.95468 0
3.68953 0.947302 0
3.69047 0.939922 0
3.69142 0.93254 0
3.69235 0.925156 0
3.69328 0.91777 0
3.6942 0.910383 0
3.69511 0.902993 0
3.69601 0.895602 0
3.69691 0.888208 0
3.69779 0.880813 0
3.69868 0.873417 0
3.69955 0.866018 0
3.70042 0.858619 0
3.70127 0.851216 0
3.70213 0.843813 0
3.70297 0.836408 0
3.70381 0.829001 0
3.70463 0.821592 0
3.70545 0.814182 0
3.70627 0.80677 0
3.70708 0.799357 0
3.70787 0.791942 0
3.70866 0.784525 0
3.70945 0.777106 0
3.71022 0.769686 0
3.71099 0.762266 0
3.71175 0.754842 0
3.71251 0.747418 0
3.71325 0.739992 0
3.71399 0.732564 0
3.71472 0.725136 0
3.71545 0.717706 0
3.71616 0.710273 0
3.71687 0.70284 0
3.71757 0.695405 0
3.71827 0.68797 0
3.71895 0.680532 0
3.71963 0.673093 0
3.7203 0.665653 0
3.72097 0.658212 0
3.72162 0.65077 0
3.72227 0.643325 0
3.72291 0.63588 0
3.72355 0.628433 0
3.72417 0.620985 0
3.72479 0.613536 0
3.7254 0.606086 0
3.72601 0.598634 0
3.7266 0.591181 0
3.72719 0.583727 0
3.72777 0.576272 0
3.72835 0.568816 0
3.72891 0.561358 0
3.72947 0.5539 0
3.73002 0.54644 0
3.73057 0.53898 0
3.7311 0.531518 0
3.73163 0.524055 0
3.73215 0.516591 0
3.73267 0.509125 0
3.73317 0.50166 0
3.73367 0.494193 0
3.73416 0.486725 0
3.73465 0.479256 0
3.73512 0.471786 0
3.73559 0.464315 0
3.73605 0.456843 0
3.73651 0.44937 0
3.73695 0.441897 0
3.73739 0.434422 0
3.73782 0.426947 0
3.73825 0.419471 0
3.73866 0.411994 0
3.73907 0.404515 0
3.73947 0.397037 0
3.73986 0.389558 0
3.74025 0.382077 0
3.74063 0.374596 0
3.741 0.367114 0
3.74136 0.359632 0
3.74172 0.352149 0
3.74207 0.344665 0
3.74241 0.33718 0
3.74274 0.329695 0
3.74307 0.322209 0
3.74339 0.314722 0
3.7437 0.307235 0
3.744 0.299747 0
3.7443 0.292258 0
3.74459 0.284769 0
3.74487 0.27728 0
3.74514 0.26979 0
3.74541 0.262299 0
3.74567 0.254808 0
3.74592 0.247316 0
3.74616 0.239824 0
3.7464 0.232331 0
3.74663 0.224837 0
3.74685 0.217344 0
3.74706 0.20985 0
3.74727 0.202356 0
3.74747 0.194861 0
3.74766 0.187365 0
3.74784 0.17987 0
3.74802 0.172374 0
3.74819 0.164877 0
3.74835 0.157381 0
3.7485 0.149883 0
3.74865 0.142386 0
3.74879 0.134888 0
3.74892 0.127391 0
3.74904 0.119893 0
3.74916 0.112394 0
3.74927 0.104895 0
3.74937 0.0973964 0
3.74946 0.0898978 0
3.74955 0.0823984 0
3.74963 0.0748993 0
3.7497 0.0673993 0
3.74976 0.0598999 0
3.74982 0.0524002 0
3.74987 0.0449008 0
3.74991 0.0374009 0
3.74994 0.0299002 0
3.74997 0.0224003 0
3.74999 0.0149003 0
3.75 0.00740027 0
3.75 -0.000100136 0
3.75 -0.00760049 0
3.74998 -0.0151007 0
3.74997 -0.0226001 0
3.74994 -0.0301004 0
3.74991 -0.0376009 0
3.74986 -0.0451009 0
3.74982 -0.0526009 0
3.74976 -0.0601001 0
3.7497 -0.0675998 0
3.74962 -0.0750991 0
3.74955 -0.0825989 0
3.74946 -0.0900984 0
3.74937 -0.0975964 0
3.74926 -0.105096 0
3.74915 -0.112594 0
3.74904 -0.120092 0
3.74891 -0.127591 0
3.74878 -0.135088 0
3.74864 -0.142586 0
3.7485 -0.150084 0
3.74834 -0.157581 0
3.74818 -0.165077 0
3.74801 -0.172573 0
3.74784 -0.18007 0
3.74765 -0.187565 0
3.74746 -0.195061 0
3.74726 -0.202556 0
3.74706 -0.21005 0
3.74684 -0.217544 0
3.74662 -0.225038 0
3.74639 -0.232531 0
3.74616 -0.240024 0
3.74591 -0.247516 0
3.74566 -0.255007 0
3.7454 -0.262499 0
3.74514 -0.26999 0
3.74486 -0.27748 0
3.74458 -0.284969 0
3.74429 -0.292458 0
3.744 -0.299947 0
3.74369 -0.307435 0
3.74338 -0.314923 0
3.74306 -0.322408 0
3.74274 -0.329894 0
3.7424 -0.33738 0
3.74206 -0.344865 0
3.74171 -0.352349 0
3.74135 -0.359831 0
3.74099 -0.367314 0
3.74062 -0.374796 0
3.74024 -0.382277 0
3.73985 -0.389758 0
3.73946 -0.397236 0
3.73906 -0.404715 0
3.73865 -0.412193 0
3.73823 -0.41967 0
3.73781 -0.427147 0
3.73738 -0.434622 0
3.73694 -0.442096 0
3.73649 -0.44957 0
3.73604 -0.457043 0
3.73558 -0.464515 0
3.73511 -0.471985 0
3.73463 -0.479455 0
3.73415 -0.486924 0
3.73366 -0.494392 0
3.73316 -0.50186 0
3.73265 -0.509325 0
3.73214 -0.51679 0
3.73162 -0.524254 0
3.73109 -0.531717 0
3.73055 -0.539179 0
3.73001 -0.546639 0
3.72946 -0.554099 0
3.7289 -0.561558 0
3.72833 -0.569015 0
3.72776 -0.576472 0
3.72718 -0.583926 0
3.72659 -0.59138 0
3.72599 -0.598833 0
3.72539 -0.606285 0
3.72478 -0.613735 0
3.72416 -0.621183 0
3.72353 -0.628632 0
3.7229 -0.636079 0
3.72225 -0.643524 0
3.72161 -0.650968 0
3.72095 -0.65841 0
3.72029 -0.665852 0
3.71961 -0.673292 0
3.71894 -0.680731 0
3.71825 -0.688168 0
3.71756 -0.695604 0
3.71685 -0.703039 0
3.71615 -0.710472 0
3.71543 -0.717904 0
3.7147 -0.725334 0
3.71397 -0.732763 0
3.71323 -0.74019 0
3.71249 -0.747616 0
3.71173 -0.755041 0
3.71097 -0.762464 0
3.7102 -0.769884 0
3.70943 -0.777305 0
3.70864 -0.784723 0
3.70785 -0.79214 0
3.70705 -0.799555 0
3.70625 -0.806968 0
3.70543 -0.81438 0
3.70461 -0.82179 0
3.70378 -0.829199 0
3.70295 -0.836606 0
3.7021 -0.84401 0
3.70125 -0.851414 0
3.70039 -0.858816 0
3.69953 -0.866216 0
3.69865 -0.873615 0
3.69777 -0.881011 0
3.69688 -0.888406 0
3.69599 -0.895799 0
3.69508 -0.90319 0
3.69417 -0.91058 0
3.69325 -0.917967 0
3.69233 -0.925353 0
3.69139 -0.932737 0
3.69045 -0.940119 0
3.6895 -0.9475 0
3.68854 -0.954877 0
3.68758 -0.962254 0
3.68661 -0.969628 0
3.68563 -0.977001 0
3.68464 -0.984371 0
3.68365 -0.991739 0
3.68265 -0.999106 0
3.68164 -1.00647 0
3.68062 -1.01383 0
3.6796 -1.02119 0
3.67857 -1.02855 0
3.67753 -1.03591 0
3.67648 -1.04326 0
3.67543 -1.05061 0
3.67437 -1.05796 0
3.6733 -1.06531 0
3.67222 -1.07266 0
3.67114 -1.08 0
3.67005 -1.08734 0
3.66895 -1.09468 0
3.66784 -1.10202 0
3.66673 -1.10935 0
3.66561 -1.11669 0
3.66448 -1.12402 0
3.66334 -1.13134 0
3.6622 -1.13867 0
3.66105 -1.14599 0
3.65989 -1.15331 0
3.65872 -1.16063 0
3.65755 -1.16795 0
3.65636 -1.17526 0
3.65518 -1.18258 0
3.65398 -1.18988 0
3.65278 -1.19719 0
3.65156 -1.2045 0
3.65035 -1.2118 0
3.64912 -1.2191 0
3.64788 -1.22639 0
3.64664 -1.23369 0
3.64539 -1.24098 0
3.64414 -1.24827 0
3.64287 -1.25556 0
3.6416 -1.26284 0
3.64032 -1.27013 0
3.63904 -1.27741 0
3.63774 -1.28468 0
3.63644 -1.29196 0
3.63513 -1.29923 0
3.63382 -1.3065 0
3.63249 -1.31376 0
3.63116 -1.32103 0
3.62982 -1.32829 0
3.62848 -1.33555 0
3.62712 -1.3428 0
3.62576 -1.35006 0
3.62439 -1.35731 0
3.62302 -1.36455 0
3.62163 -1.3718 0
3.62024 -1.37904 0
3.61884 -1.38628 0
3.61743 -1.39352 0
3.61602 -1.40075 0
3.6146 -1.40798 0
3.61317 -1.41521 0
3.61173 -1.42243 0
3.61029 -1.42966 0
3.60884 -1.43687 0
3.60738 -1.44409 0
3.60591 -1.45131 0
3.60444 -1.45852 0
3.60296 -1.46572 0
3.60147 -1.47293 0
3.59997 -1.48013 0
3.59847 -1.48733 0
3.59696 -1.49452 0
3.59544 -1.50172 0
3.59391 -1.50891 0
3.59238 -1.51609 0
3.59084 -1.52328 0
3.58929 -1.53046 0
3.58773 -1.53763 0
3.58617 -1.54481 0
3.5846 -1.55198 0
3.58302 -1.55915 0
3.58143 -1.56631 0
3.57984 -1.57347 0
3.57824 -1.58063 0
3.57663 -1.58778 0
3.57501 -1.59494 0
3.57339 -1.60209 0
3.57175 -1.60923 0
3.57012 -1.61637 0
3.56847 -1.62351 0
3.56682 -1.63065 0
3.56515 -1.63778 0
3.56349 -1.64491 0
3.56181 -1.65203 0
3.56012 -1.65916 0
3.55843 -1.66627 0
3.55673 -1.67339 0
3.55503 -1.6805 0
3.55331 -1.68761 0
3.55159 -1.69472 0
3.54986 -1.70182 0
3.54813 -1.70891 0
3.54638 -1.71601 0
3.54463 -1.7231 0
3.54287 -1.73019 0
3.54111 -1.73727 0
3.53933 -1.74435 0
3.53755 -1.75143 0
3.53576 -1.7585 0
3.53397 -1.76557 0
3.53216 -1.77264 0
3.53035 -1.7797 0
3.52853 -1.78676 0
3.52671 -1.79382 0
3.52487 -1.80087 0
3.52303 -1.80792 0
3.52118 -1.81496 0
3.51932 -1.822 0
3.51746 -1.82904 0
3.51559 -1.83607 0
3.51371 -1.8431 0
3.51182 -1.85013 0
3.50993 -1.85715 0
3.50803 -1.86417 0
3.50612 -1.87118 0
3.5042 -1.87819 0
3.50228 -1.8852 0
3.50035 -1.8922 0
3.49841 -1.8992 0
3.49646 -1.9062 0
3.49451 -1.91319 0
3.49255 -1.92017 0
3.49058 -1.92716 0
3.4886 -1.93414 0
3.48662 -1.94111 0
3.48463 -1.94808 0
3.48263 -1.95505 0
3.48062 -1.96201 0
3.47861 -1.96897 0
3.47659 -1.97593 0
3.47456 -1.98288 0
3.47252 -1.98983 0
3.47048 -1.99677 0
3.46842 -2.00371 0
3.46637 -2.01064 0
3.4643 -2.01757 0
3.46223 -2.0245 0
3.46014 -2.03142 0
3.45806 -2.03834 0
3.45596 -2.04526 0
3.45385 -2.05217 0
3.45174 -2.05907 0
3.44962 -2.06597 0
3.4475 -2.07287 0
3.44536 -2.07976 0
3.44322 -2.08665 0
3.44107 -2.09354 0
3.43892 -2.10042 0
3.43675 -2.10729 0
3.43458 -2.11416 0
3.4324 -2.12103 0
3.43022 -2.1279 0
3.42802 -2.13475 0
3.42582 -2.14161 0
3.42361 -2.14846 0
3.4214 -2.1553 0
3.41917 -2.16214 0
3.41694 -2.16898 0
3.4147 -2.17581 0
3.41245 -2.18264 0
3.4102 -2.18946 0
3.40794 -2.19628 0
3.40567 -2.20309 0
3.40339 -2.2099 0
3.40111 -2.21671 0
3.39882 -2.22351 0
3.39652 -2.2303 0
3.39421 -2.23709 0
3.3919 -2.24388 0
3.38958 -2.25066 0
3.38725 -2.25744 0
3.38491 -2.26421 0
3.38257 -2.27098 0
3.38022 -2.27774 0
3.37786 -2.2845 0
3.37549 -2.29125 0
3.37312 -2.298 0
3.37074 -2.30475 0
3.36835 -2.31149 0
3.36595 -2.31822 0
3.36355 -2.32495 0
3.36113 -2.33167 0
3.35872 -2.33839 0
3.35629 -2.34511 0
3.35386 -2.35182 0
3.35141 -2.35852 0
3.34897 -2.36523 0
3.34651 -2.37192 0
3.34404 -2.37861 0
3.34157 -2.3853 0
3.33909 -2.39198 0
3.33661 -2.39865 0
3.33411 -2.40532 0
3.33161 -2.41199 0
3.3291 -2.41865 0
3.32659 -2.42531 0
3.32406 -2.43196 0
3.32153 -2.4386 0
3.31899 -2.44524 0
3.31645 -2.45188 0
3.31389 -2.45851 0
3.31133 -2.46514 0
3.30876 -2.47176 0
3.30619 -2.47837 0
3.3036 -2.48498 0
3.30101 -2.49159 0
3.29841 -2.49819 0
3.2958 -2.50478 0
3.29319 -2.51137 0
3.29057 -2.51795 0
3.28794 -2.52453 0
3.2853 -2.53111 0
3.28266 -2.53767 0
3.28001 -2.54424 0
3.27735 -2.55079 0
3.27468 -2.55735 0
3.27201 -2.56389 0
3.26933 -2.57043 0
3.26664 -2.57697 0
3.26394 -2.5835 0
3.26124 -2.59003 0
3.25853 -2.59655 0
3.25581 -2.60306 0
3.25308 -2.60957 0
3.25035 -2.61607 0
3.24761 -2.62257 0
3.24486 -2.62906 0
3.2421 -2.63555 0
3.23934 -2.64203 0
3.23656 -2.64851 0
3.23379 -2.65498 0
3.231 -2.66144 0
3.22821 -2.6679 0
3.2254 -2.67436 0
3.22259 -2.68081 0
3.21978 -2.68725 0
3.21695 -2.69369 0
3.21412 -2.70012 0
3.21128 -2.70654 0
3.20844 -2.71296 0
3.20558 -2.71938 0
3.20272 -2.72578 0
3.19985 -2.73219 0
3.19698 -2.73858 0
3.19409 -2.74498 0
3.1912 -2.75136 0
3.1883 -2.75774 0
3.1854 -2.76411 0
3.18248 -2.77048 0
3.17956 -2.77684 0
3.17663 -2.7832 0
3.17369 -2.78955 0
3.17075 -2.7959 0
3.1678 -2.80223 0
3.16484 -2.80857 0
3.16187 -2.81489 0
3.1589 -2.82122 0
3.15592 -2.82753 0
3.15293 -2.83384 0
3.14993 -2.84014 0
3.14693 -2.84644 0
3.14392 -2.85273 0
3.1409 -2.85901 0
3.13787 -2.86529 0
3.13484 -2.87157 0
3.1318 -2.87783 0
3.12875 -2.88409 0
3.12569 -2.89035 0
3.12263 -2.8966 0
3.11955 -2.90284 0
3.11648 -2.90908 0
3.11339 -2.91531 0
3.1103 -2.92153 0
3.10719 -2.92775 0
3.10409 -2.93396 0
3.10097 -2.94016 0
3.09784 -2.94636 0
3.09471 -2.95256 0
3.09157 -2.95874 0
3.08843 -2.96492 0
3.08527 -2.9711 0
3.08211 -2.97726 0
3.07894 -2.98342 0
3.07577 -2.98958 0
3.07258 -2.99573 0
3.06939 -3.00187 0
3.06619 -3.00801 0
3.06299 -3.01413 0
3.05977 -3.02026 0
3.05655 -3.02637 0
3.05332 -3.03248 0
3.05008 -3.03859 0
3.04684 -3.04468 0
3.04359 -3.05078 0
3.04033 -3.05686 0
3.03706 -3.06294 0
3.03379 -3.06901 0
3.03051 -3.07507 0
3.02722 -3.08113 0
3.02392 -3.08718 0
3.02062 -3.09323 0
3.01731 -3.09926 0
3.01399 -3.1053 0
3.01066 -3.11132 0
3.00733 -3.11734 0
3.00399 -3.12335 0
3.00064 -3.12936 0
2.99728 -3.13535 0
2.99392 -3.14134 0
2.99055 -3.14733 0
2.98717 -3.15331 0
2.98378 -3.15928 0
2.98039 -3.16524 0
2.97698 -3.1712 0
2.97357 -3.17715 0
2.97016 -3.18309 0
2.96673 -3.18903 0
2.9633 -3.19496 0
2.95986 -3.20088 0
2.95642 -3.2068 0
2.95296 -3.21271 0
2.9495 -3.21861 0
2.94603 -3.22451 0
2.94256 -3.2304 0
2.93907 -3.23628 0
2.93558 -3.24215 0
2.93208 -3.24802 0
2.92858 -3.25388 0
2.92506 -3.25974 0
2.92154 -3.26558 0
2.91801 -3.27142 0
2.91447 -3.27726 0
2.91093 -3.28308 0
2.90738 -3.2889 0
2.90382 -3.29471 0
2.90025 -3.30052 0
2.89668 -3.30631 0
2.8931 -3.3121 0
2.88951 -3.31788 0
2.88591 -3.32366 0
2.88231 -3.32943 0
2.8787 -3.33519 0
2.87508 -3.34094 0
2.87145 -3.34669 0
2.86782 -3.35243 0
2.86418 -3.35816 0
2.86053 -3.36389 0
2.85687 -3.3696 0
2.85321 -3.37531 0
2.84953 -3.38102 0
2.84586 -3.38671 0
2.84217 -3.3924 0
2.83848 -3.39808 0
2.83477 -3.40376 0
2.83106 -3.40942 0
2.82735 -3.41508 0
2.82362 -3.42073 0
2.81989 -3.42637 0
2.81615 -3.43201 0
2.81241 -3.43764 0
2.80865 -3.44326 0
2.80489 -3.44887 0
2.80112 -3.45448 0
2.79735 -3.46008 0
2.79356 -3.46567 0
2.78977 -3.47125 0
2.78597 -3.47683 0
2.78217 -3.4824 0
2.77835 -3.48796 0
2.77453 -3.49351 0
2.7707 -3.49906 0
2.76686 -3.50459 0
2.76302 -3.51012 0
2.75917 -3.51565 0
2.75531 -3.52116 0
2.75144 -3.52667 0
2.74757 -3.53217 0
2.74369 -3.53766 0
2.7398 -3.54314 0
2.7359 -3.54862 0
2.732 -3.55409 0
2.72809 -3.55955 0
2.72417 -3.565 0
2.72024 -3.57044 0
2.71631 -3.57588 0
2.71236 -3.58131 0
2.70842 -3.58673 0
2.70446 -3.59214 0
2.7005 -3.59755 0
2.69652 -3.60294 0
2.69254 -3.60833 0
2.68856 -3.61372 0
2.68456 -3.61909 0
2.68056 -3.62445 0
2.67655 -3.62981 0
2.67254 -3.63516 0
2.66851 -3.6405 0
2.66448 -3.64583 0
2.66044 -3.65116 0
2.6564 -3.65648 0
2.65234 -3.66179 0
2.64828 -3.66709 0
2.64421 -3.67238 0
2.64013 -3.67766 0
2.63605 -3.68294 0
2.63196 -3.68821 0
2.62786 -3.69347 0
2.62375 -3.69872 0
2.61964 -3.70396 0
2.61552 -3.7092 0
2.61139 -3.71443 0
2.60725 -3.71964 0
2.60311 -3.72485 0
2.59896 -3.73006 0
2.5948 -3.73525 0
2.59063 -3.74044 0
2.58646 -3.74561 0
2.58228 -3.75078 0
2.57809 -3.75594 0
2.57389 -3.76109 0
2.56969 -3.76624 0
2.56547 -3.77137 0
2.56126 -3.7765 0
2.55703 -3.78162 0
2.55279 -3.78673 0
2.54855 -3.79183 0
2.5443 -3.79692 0
2.54005 -3.80201 0
2.53578 -3.80708 0
2.53151 -3.81215 0
2.52723 -3.81721 0
2.52295 -3.82226 0
2.51865 -3.8273 0
2.51435 -3.83234 0
2.51004 -3.83736 0
2.50573 -3.84238 0
2.5014 -3.84738 0
2.49707 -3.85238 0
2.49273 -3.85737 0
2.48838 -3.86235 0
2.48403 -3.86733 0
2.47967 -3.87229 0
2.4753 -3.87724 0
2.47092 -3.88219 0
2.46654 -3.88713 0
2.46215 -3.89206 0
2.45775 -3.89698 0
2.45334 -3.90189 0
2.44893 -3.90679 0
2.44451 -3.91168 0
2.44008 -3.91657 0
2.43564 -3.92144 0
2.4312 -3.92631 0
2.42675 -3.93117 0
2.42229 -3.93602 0
2.41782 -3.94086 0
2.41335 -3.94569 0
2.40886 -3.95051 0
2.40437 -3.95533 0
2.39988 -3.96013 0
2.39537 -3.96493 0
2.39086 -3.96971 0
2.38634 -3.97449 0
2.38182 -3.97926 0
2.37728 -3.98402 0
2.37274 -3.98877 0
2.36819 -3.99351 0
2.36364 -3.99824 0
2.35907 -4.00296 0
2.3545 -4.00768 0
2.34992 -4.01238 0
2.34533 -4.01708 0
2.34074 -4.02176 0
2.33614 -4.02644 0
2.33153 -4.03111 0
2.32691 -4.03577 0
2.32229 -4.04041 0
2.31766 -4.04505 0
2.31302 -4.04969 0
2.30837 -4.05431 0
2.30372 -4.05892 0
2.29906 -4.06352 0
2.29439 -4.06812 0
2.28971 -4.0727 0
2.28503 -4.07727 0
2.28033 -4.08184 0
2.27564 -4.0864 0
2.27093 -4.09094 0
2.26622 -4.09548 0
2.26149 -4.10001 0
2.25676 -4.10453 0
2.25203 -4.10904 0
2.24728 -4.11353 0
2.24253 -4.11802 0
2.23777 -4.12251 0
2.23301 -4.12698 0
2.22823 -4.13144 0
2.22345 -4.13589 0
2.21866 -4.14033 0
2.21387 -4.14476 0
2.20906 -4.14919 0
2.20425 -4.1536 0
2.19943 -4.158 0
2.1946 -4.1624 0
2.18977 -4.16678 0
2.18493 -4.17116 0
2.18008 -4.17552 0
2.17522 -4.17988 0
2.17036 -4.18422 0
2.16549 -4.18856 0
2.16061 -4.19289 0
2.15572 -4.1972 0
2.15083 -4.20151 0
2.14593 -4.20581 0
2.14102 -4.21009 0
2.1361 -4.21437 0
2.13118 -4.21864 0
2.12625 -4.22289 0
2.12131 -4.22714 0
2.11636 -4.23138 0
2.1114 -4.23561 0
2.10644 -4.23983 0
2.10147 -4.24403 0
2.0965 -4.24823 0
2.09151 -4.25242 0
2.08652 -4.2566 0
2.08152 -4.26077 0
2.07652 -4.26492 0
2.0715 -4.26907 0
2.06648 -4.27321 0
2.06145 -4.27734 0
2.05642 -4.28146 0
2.05137 -4.28556 0
2.04632 -4.28966 0
2.04126 -4.29375 0
2.03619 -4.29783 0
2.03112 -4.3019 0
2.02604 -4.30595 0
2.02095 -4.31 0
2.01585 -4.31404 0
2.01075 -4.31806 0
2.00564 -4.32208 0
2.00052 -4.32609 0
1.99539 -4.33008 0
1.99026 -4.33407 0
1.98512 -4.33804 0
1.97997 -4.34201 0
1.97481 -4.34596 0
1.96965 -4.34991 0
1.96447 -4.35384 0
1.9593 -4.35777 0
1.95411 -4.36168 0
1.94891 -4.36558 0
1.94371 -4.36948 0
1.9385 -4.37336 0
1.93329 -4.37723 0
1.92806 -4.38109 0
1.92283 -4.38494 0
1.91759 -4.38878 0
1.91235 -4.39261 0
1.90709 -4.39643 0
1.90183 -4.40024 0
1.89656 -4.40404 0
1.89128 -4.40783 0
1.886 -4.4116 0
1.88071 -4.41537 0
1.87541 -4.41913 0
1.8701 -4.42287 0
1.86479 -4.42661 0
1.85947 -4.43033 0
1.85414 -4.43405 0
1.8488 -4.43775 0
1.84346 -4.44144 0
1.83811 -4.44512 0
1.83275 -4.44879 0
1.82738 -4.45245 0
1.82201 -4.4561 0
1.81662 -4.45974 0
1.81124 -4.46337 0
1.80584 -4.46699 0
1.80043 -4.47059 0
1.79502 -4.47419 0
1.7896 -4.47777 0
1.78418 -4.48135 0
1.77874 -4.48491 0
1.7733 -4.48846 0
1.76785 -4.492 0
1.7624 -4.49553 0
1.75693 -4.49905 0
1.75146 -4.50256 0
1.74598 -4.50606 0
1.74049 -4.50955 0
1.735 -4.51302 0
1.7295 -4.51649 0
1.72399 -4.51994 0
1.71847 -4.52338 0
1.71295 -4.52681 0
1.70742 -4.53023 0
1.70188 -4.53364 0
1.69633 -4.53704 0
1.69078 -4.54043 0
1.68522 -4.54381 0
1.67965 -4.54717 0
1.67407 -4.55052 0
1.66849 -4.55387 0
1.66289 -4.5572 0
1.6573 -4.56052 0
1.65169 -4.56383 0
1.64608 -4.56713 0
1.64045 -4.57041 0
1.63482 -4.57369 0
1.62919 -4.57695 0
1.62354 -4.5802 0
1.61789 -4.58345 0
1.61223 -4.58668 0
1.60657 -4.5899 0
1.60089 -4.5931 0
1.59521 -4.5963 0
1.58952 -4.59948 0
1.58382 -4.60266 0
1.57812 -4.60582 0
1.57241 -4.60897 0
1.56669 -4.61211 0
1.56096 -4.61524 0
1.55523 -4.61835 0
1.54949 -4.62146 0
1.54374 -4.62455 0
1.53798 -4.62763 0
1.53222 -4.6307 0
1.52645 -4.63376 0
1.52067 -4.63681 0
1.51488 -4.63984 0
1.50909 -4.64287 0
1.50328 -4.64588 0
1.49748 -4.64888 0
1.49166 -4.65187 0
1.48583 -4.65485 0
1.48 -4.65781 0
1.47416 -4.66077 0
1.46832 -4.66371 0
1.46246 -4.66664 0
1.4566 -4.66956 0
1.45073 -4.67247 0
1.44486 -4.67536 0
1.43897 -4.67825 0
1.43308 -4.68112 0
1.42718 -4.68398 0
1.42127 -4.68683 0
1.41536 -4.68967 0
1.40944 -4.69249 0
1.40351 -4.6953 0
1.39757 -4.69811 0
1.39163 -4.70089 0
1.38568 -4.70367 0
1.37972 -4.70644 0
1.37375 -4.70919 0
1.36778 -4.71193 0
1.3618 -4.71466 0
1.35581 -4.71738 0
1.34981 -4.72009 0
1.34381 -4.72278 0
1.33779 -4.72546 0
1.33178 -4.72813 0
1.32575 -4.73079 0
1.31971 -4.73343 0
1.31367 -4.73607 0
1.30762 -4.73869 0
1.30157 -4.7413 0
1.2955 -4.74389 0
1.28943 -4.74648 0
1.28335 -4.74905 0
1.27727 -4.75161 0
1.27117 -4.75416 0
1.26507 -4.7567 0
1.25896 -4.75922 0
1.25284 -4.76173 0
1.24672 -4.76423 0
1.24059 -4.76672 0
1.23445 -4.7692 0
1.2283 -4.77166 0
1.22215 -4.77411 0
1.21599 -4.77655 0
1.20982 -4.77897 0
1.20364 -4.78139 0
1.19746 -4.78379 0
1.19127 -4.78618 0
1.18507 -4.78855 0
1.17886 -4.79092 0
1.17265 -4.79327 0
1.16642 -4.79561 0
1.16019 -4.79793 0
1.15396 -4.80025 0
1.14771 -4.80255 0
1.14146 -4.80484 0
1.1352 -4.80712 0
1.12894 -4.80938 0
1.12266 -4.81163 0
1.11638 -4.81387 0
1.11009 -4.8161 0
1.10379 -4.81831 0
1.09749 -4.82051 0
1.09118 -4.8227 0
1.08486 -4.82488 0
1.07853 -4.82704 0
1.0722 -4.82919 0
1.06586 -4.83133 0
1.05951 -4.83346 0
1.05315 -4.83557 0
1.04679 -4.83767 0
1.04042 -4.83976 0
1.03404 -4.84183 0
1.02765 -4.84389 0
1.02126 -4.84594 0
1.01485 -4.84798 0
1.00845 -4.85 0
1.00203 -4.85201 0
0.995604 -4.85401 0
0.989173 -4.85599 0
0.982734 -4.85796 0
0.976287 -4.85992 0
0.969833 -4.86187 0
0.963371 -4.8638 0
0.956902 -4.86572 0
0.950426 -4.86763 0
0.943941 -4.86953 0
0.937449 -4.87141 0
0.93095 -4.87328 0
0.924444 -4.87513 0
0.91793 -4.87697 0
0.911408 -4.8788 0
0.904879 -4.88062 0
0.898342 -4.88242 0
0.891798 -4.88421 0
0.885247 -4.88599 0
0.878687 -4.88775 0
0.87212 -4.8895 0
0.865546 -4.89124 0
0.858965 -4.89297 0
0.852376 -4.89468 0
0.845779 -4.89638 0
0.839175 -4.89806 0
0.832563 -4.89973 0
0.825944 -4.90139 0
0.819318 -4.90304 0
0.812683 -4.90467 0
0.806041 -4.90629 0
0.799392 -4.90789 0
0.792736 -4.90949 0
0.786072 -4.91106 0
0.7794 -4.91263 0
0.772721 -4.91418 0
0.766034 -4.91572 0
0.75934 -4.91725 0
0.752638 -4.91876 0
0.745929 -4.92026 0
0.739212 -4.92174 0
0.732488 -4.92321 0
0.725757 -4.92467 0
0.719018 -4.92612 0
0.712271 -4.92755 0
0.705517 -4.92897 0
0.698755 -4.93037 0
0.691986 -4.93176 0
0.685209 -4.93314 0
0.678425 -4.9345 0
0.671633 -4.93585 0
0.664834 -4.93719 0
0.658028 -4.93851 0
0.651214 -4.93982 0
0.644392 -4.94112 0
0.637562 -4.9424 0
0.630726 -4.94367 0
0.623882 -4.94492 0
0.61703 -4.94616 0
0.610171 -4.94739 0
0.603304 -4.9486 0
0.59643 -4.9498 0
0.589549 -4.95099 0
0.582659 -4.95216 0
0.575763 -4.95332 0
0.568858 -4.95446 0
0.561946 -4.9556 0
0.555028 -4.95671 0
0.548101 -4.95782 0
0.541167 -4.9589 0
0.534225 -4.95998 0
0.527276 -4.96104 0
0.52032 -4.96209 0
0.513355 -4.96312 0
0.506383 -4.96414 0
0.499404 -4.96515 0
0.492417 -4.96614 0
0.485424 -4.96712 0
0.478422 -4.96808 0
0.471413 -4.96903 0
0.464396 -4.96997 0
0.457371 -4.97089 0
0.45034 -4.9718 0
0.443301 -4.97269 0
0.436254 -4.97357 0
0.4292 -4.97444 0
0.422138 -4.97529 0
0.41507 -4.97612 0
0.407993 -4.97695 0
0.400908 -4.97776 0
0.393816 -4.97855 0
0.386717 -4.97933 0
0.379611 -4.9801 0
0.372497 -4.98085 0
0.365375 -4.98159 0
0.358246 -4.98231 0
0.351109 -4.98302 0
0.343965 -4.98372 0
0.336813 -4.9844 0
0.329654 -4.98506 0
0.322487 -4.98572 0
0.315313 -4.98635 0
0.308132 -4.98698 0
0.300943 -4.98759 0
0.293746 -4.98818 0
0.286541 -4.98876 0
0.279329 -4.98933 0
0.272111 -4.98988 0
0.264884 -4.99042 0
0.25765 -4.99094 0
0.250408 -4.99145 0
0.243159 -4.99194 0
0.235903 -4.99242 0
0.228638 -4.99288 0
0.221366 -4.99333 0
0.214087 -4.99377 0
0.2068 -4.99419 0
0.199507 -4.9946 0
0.192205 -4.99499 0
0.184895 -4.99536 0
0.177579 -4.99573 0
0.170254 -4.99608 0
0.162923 -4.99641 0
0.155584 -4.99673 0
0.148237 -4.99703 0
0.140883 -4.99732 0
0.133521 -4.99759 0
0.126152 -4.99785 0
0.118775 -4.9981 0
0.111391 -4.99833 0
0.103999 -4.99854 0
0.0965998 -4.99874 0
0.0891938 -4.99893 0
0.0817795 -4.9991 0
0.0743576 -4.99926 0
0.0669282 -4.9994 0
0.0594914 -4.99953 0
0.0520479 -4.99964 0
0.044596 -4.99973 0
0.0371367 -4.99982 0
0.0296698 -4.99988 0
0.0221954 -4.99993 0
0.0147144 -4.99997 0
0.00722507 -4.99999 0
